__int16 FIRCoef[Ntap] = { 
        8022,
        9054,
        10079,
        11087,
        12071,
        13022,
        13932,
        14793,
        15597,
        16337,
        17006,
        17599,
        18111,
        18535,
        18870,
        19111,
        19256,
        19305,
        19256,
        19111,
        18870,
        18535,
        18111,
        17599,
        17006,
        16337,
        15597,
        14793,
        13932,
        13022,
        12071,
        11087,
        10079,
        9054,
        8022
};